0 85 all Site_id
78	100	28066.44758
78	211	33464.60912
78	304	34154.72581
78	306	31860.88129
78	380	9048.076534
78	790	25138.83671
78	871	37612.79682
78	1136	44416.56935
78	1300	38565.12641
78	1401	30113.67394
78	1581	33045.75303
100	78	28066.44758
100	211	47337.98088
100	304	59346.21554
100	306	45734.25305
100	380	33121.90013
100	790	2927.610871
100	871	51486.16858
100	1136	17472.41568
100	1300	11620.97274
100	1401	43987.0457
100	1581	5190.129962
100	1586	69916.39607
100	1825	69898.37117
100	1839	68959.31693
100	7273	67845.417
141	143	19422.06364
141	458	52204.40001
141	465	23943.74372
141	467	20842.96495
141	728	46309.84386
141	739	27211.07035
141	819	56420.7565
141	820	36882.81331
141	821	48879.80519
141	869	59101.98976
141	1059	22758.31187
141	1136	64640.48053
141	1144	38844.18565
141	1145	17498.74345
141	1335	51946.31314
141	1336	54284.98185
141	1586	14497.50467
141	1618	21483.39416
141	1825	14160.8149
141	1839	14200.55995
141	7273	13218.40508
143	141	19422.06364
143	458	41940.01964
143	465	6695.572361
143	467	9948.224627
143	728	36045.46349
143	739	16946.68997
143	819	46156.37613
143	820	25857.56485
143	821	41059.51335
143	869	48837.60939
143	1059	34641.50255
143	1136	68202.53457
143	1144	28579.80527
143	1145	6954.946539
143	1198	56022.15773
143	1288	68810.82168
143	1335	40921.06468
143	1336	43259.73339
143	1351	62259.28095
143	1382	68883.74713
143	1586	26380.69535
143	1618	33366.58484
143	1825	21366.6732
143	1839	22235.03189
143	7273	23771.00157
144	1237	3425.815128
144	1238	4427.183527
144	1338	7875.557695
211	78	33464.60912
211	100	47337.98088
211	304	24083.45955
211	306	1813.290235
211	380	25666.37961
211	790	44410.37001
211	871	4497.458367
211	1136	60670.07591
211	1300	54818.63297
211	1401	3840.755532
211	1581	43163.7799
221	303	48630.21645
221	332	7305.476808
221	412	13922.40553
221	746	5488.415326
221	1697	26025.63346
221	1698	29717.45036
227	234	16543.84384
227	314	3626.58047
227	520	25960.81521
227	526	23659.37989
227	527	18537.00557
227	540	29854.63943
227	543	21779.59362
227	1148	5759.458027
227	1291	29743.02783
227	1472	26317.2127
227	1507	10474.02633
227	1537	32818.31269
227	6668	30595.87327
234	227	16543.84384
234	314	13336.38817
234	520	40838.19635
234	526	38536.76103
234	527	33414.38671
234	540	44732.02057
234	543	36656.97476
234	1148	20971.44555
234	1291	44620.40897
234	1472	41194.59384
234	1507	6069.81751
234	1537	47695.69383
234	6668	45473.25441
303	221	48630.21645
303	332	55935.69325
303	412	62552.62198
303	746	54118.63177
303	1697	41817.41382
303	1698	46141.70429
304	78	34154.72581
304	100	59346.21554
304	211	24083.45955
304	306	25896.74978
304	380	30074.71697
304	790	56418.60467
304	871	21128.26634
304	1300	69844.89437
304	1401	27225.67374
304	1581	64325.52098
306	78	31860.88129
306	100	45734.25305
306	211	1813.290235
306	304	25896.74978
306	380	24062.65178
306	790	42806.64218
306	871	6310.748603
306	1136	59066.34808
306	1300	53214.90514
306	1401	2237.027698
306	1581	41560.05206
314	227	3626.58047
314	234	13336.38817
314	520	27501.80818
314	526	25200.37286
314	527	20077.99854
314	540	31395.6324
314	543	23320.58659
314	1148	8054.182185
314	1291	31284.0208
314	1472	27858.20567
314	1507	7266.57066
314	1537	34359.30566
314	6668	32136.86624
332	221	7305.476808
332	303	55935.69325
332	412	8996.176336
332	746	1817.061482
332	1697	33331.11027
332	1698	37022.92717
380	78	9048.076534
380	100	33121.90013
380	211	25666.37961
380	304	30074.71697
380	306	24062.65178
380	790	30194.28926
380	871	29814.56731
380	1136	49472.02189
380	1300	43620.57895
380	1401	22315.44443
380	1581	38101.20557
412	221	13922.40553
412	303	62552.62198
412	332	8996.176336
412	746	9481.802212
412	1697	39948.03899
412	1698	43639.8559
458	141	52204.40001
458	143	41940.01964
458	465	41718.30964
458	467	35606.64607
458	728	6593.938903
458	739	25202.05569
458	819	5619.329053
458	820	26115.94814
458	821	27434.39725
458	831	66959.44908
458	869	8300.562314
458	892	66003.18365
458	1059	55150.79112
458	1144	14472.86225
458	1145	35405.03932
458	1198	49620.9857
458	1288	63389.29035
458	1293	68088.75603
458	1335	21652.38774
458	1336	19593.13556
458	1350	68625.17658
458	1351	56345.82574
458	1382	62970.29192
458	1586	59163.03172
458	1618	54263.57619
458	1825	57983.04387
458	1839	58022.78891
458	7273	57040.63405
465	141	23943.74372
465	143	6695.572361
465	458	41718.30964
465	467	6601.478879
465	728	35823.75349
465	739	16724.97997
465	819	45934.66613
465	820	20563.26712
465	821	40837.80335
465	831	67014.74011
465	869	48615.89939
465	892	66058.47468
465	1059	39163.18263
465	1136	69814.22057
465	1144	28358.09527
465	1145	9241.294345
465	1198	49746.13087
465	1288	62952.65751
465	1293	67862.94771
465	1335	35626.76695
465	1336	37965.43566
465	1350	68680.46762
465	1351	56401.11678
465	1382	63025.58296
465	1586	30902.37544
465	1618	37888.26492
465	1825	28061.82485
465	1839	28930.18354
465	7273	28779.97776
467	141	20842.96495
467	143	9948.224627
467	458	35606.64607
467	465	6601.478879
467	728	29712.08992
467	739	10613.31641
467	819	39823.00256
467	820	17506.78516
467	821	34726.13978
467	831	68149.50618
467	869	42504.23582
467	892	67193.24075
467	1059	36062.40386
467	1144	22246.43171
467	1145	3484.771189
467	1198	50811.04281
467	1288	64087.42358
467	1293	68997.71378
467	1335	32570.28499
467	1336	34908.9537
467	1350	69815.23369
467	1351	57535.88285
467	1382	64160.34903
467	1586	27801.59667
467	1618	34787.48615
467	1825	26621.60881
467	1839	26661.35386
467	7273	25679.19899
520	227	25960.81521
520	234	40838.19635
520	314	27501.80818
520	526	2301.435314
520	527	7423.809637
520	540	7117.632034
520	543	4881.03008
520	1148	31720.27324
520	1291	4617.953098
520	1472	2164.241211
520	1507	34768.37884
520	1537	7276.622282
520	6668	7858.865879
526	227	23659.37989
526	234	38536.76103
526	314	25200.37286
526	520	2301.435314
526	527	5122.374323
526	540	7249.382138
526	543	2579.594766
526	1148	29418.83792
526	1291	6223.356203
526	1472	2797.541075
526	1507	32466.94352
526	1537	9298.641061
526	6668	7990.615982
527	227	18537.00557
527	234	33414.38671
527	314	20077.99854
527	520	7423.809637
527	526	5122.374323
527	540	11598.73322
527	543	3242.588051
527	1148	24296.4636
527	1291	11206.02226
527	1472	7780.207131
527	1507	27344.5692
527	1537	14281.30712
527	6668	12339.96706
540	227	29854.63943
540	234	44732.02057
540	314	31395.6324
540	520	7117.632034
540	526	7249.382138
540	527	11598.73322
540	543	9618.152383
540	1148	35614.09746
540	1291	11735.58513
540	1472	9281.873245
540	1507	38662.20306
540	1537	14394.25432
540	6668	2900.857358
543	227	21779.59362
543	234	36656.97476
543	314	23320.58659
543	520	4881.03008
543	526	2579.594766
543	527	3242.588051
543	540	9618.152383
543	1148	27539.05165
543	1291	8663.242702
543	1472	5237.427574
543	1507	30587.15725
543	1537	11738.52756
543	6668	10359.38623
728	141	46309.84386
728	143	36045.46349
728	458	6593.938903
728	465	35823.75349
728	467	29712.08992
728	739	19307.49954
728	819	10810.29539
728	820	20221.39198
728	821	21539.84109
728	869	13491.52865
728	1059	49256.23497
728	1144	8578.306097
728	1145	29510.48316
728	1198	54811.95204
728	1288	68580.25669
728	1335	26843.35407
728	1336	24784.1019
728	1351	61536.79208
728	1382	68161.25826
728	1586	53268.47557
728	1618	48369.02004
728	1825	52088.48772
728	1839	52128.23276
728	7273	51146.0779
739	141	27211.07035
739	143	16946.68997
739	458	25202.05569
739	465	16724.97997
739	467	10613.31641
739	728	19307.49954
739	819	29418.41218
739	820	14682.00395
739	821	24321.5494
739	869	32099.64544
739	1059	42430.50926
739	1144	11841.84132
739	1145	10411.70965
739	1198	55390.81991
739	1288	68667.20068
739	1335	34984.58395
739	1336	37323.25266
739	1351	62115.65995
739	1382	68740.12613
739	1586	34169.70206
739	1618	41155.59154
739	1825	32989.71421
739	1839	33029.45925
739	7273	32047.30439
746	221	5488.415326
746	303	54118.63177
746	332	1817.061482
746	412	9481.802212
746	1697	31514.04878
746	1698	35205.86569
790	78	25138.83671
790	100	2927.610871
790	211	44410.37001
790	304	56418.60467
790	306	42806.64218
790	380	30194.28926
790	871	48558.55771
790	1136	19488.55716
790	1300	13637.11422
790	1401	41059.43483
790	1581	7906.916312
819	141	56420.7565
819	143	46156.37613
819	458	5619.329053
819	465	45934.66613
819	467	39823.00256
819	728	10810.29539
819	739	29418.41218
819	820	30332.30462
819	821	31650.75374
819	831	63160.95527
819	869	3030.503929
819	892	62204.68984
819	1059	59367.14761
819	1144	18689.21874
819	1145	39621.3958
819	1198	45822.4919
819	1288	59590.79655
819	1293	64290.26223
819	1335	17853.89393
819	1336	15794.64175
819	1350	64826.68278
819	1351	52547.33194
819	1382	59171.79812
819	1586	63379.38821
819	1618	58479.93268
819	1825	62199.40036
819	1839	62239.1454
819	7273	61256.99054
820	141	36882.81331
820	143	25857.56485
820	458	26115.94814
820	465	20563.26712
820	467	17506.78516
820	728	20221.39198
820	739	14682.00395
820	819	30332.30462
820	821	28718.94839
820	831	63075.57026
820	869	33013.53788
820	892	62119.30483
820	1059	52102.25222
820	1144	14562.74111
820	1145	19943.74435
820	1198	45737.10688
820	1288	59013.48765
820	1293	63923.77785
820	1335	25330.87092
820	1336	27669.53963
820	1350	64741.29776
820	1351	52461.94692
820	1382	59086.4131
820	1586	43841.44502
820	1618	50827.33451
820	1825	42661.45717
820	1839	42701.20221
820	7273	41719.04735
821	141	48879.80519
821	143	41059.51335
821	458	27434.39725
821	465	40837.80335
821	467	34726.13978
821	728	21539.84109
821	739	24321.5494
821	819	31650.75374
821	820	28718.94839
821	869	34331.987
821	1059	28700.24164
821	1144	14436.88594
821	1145	34524.53302
821	1335	47683.81242
821	1336	45624.56024
821	1586	34382.30052
821	1618	27813.0267
821	1825	41991.86399
821	1839	42031.60903
821	7273	40910.58228
831	458	66959.44908
831	465	67014.74011
831	467	68149.50618
831	819	63160.95527
831	820	63075.57026
831	869	63893.80017
831	892	6399.458973
831	1198	18113.58511
831	1288	8741.478224
831	1293	9258.059642
831	1335	45726.18614
831	1336	48064.85485
831	1350	10731.71012
831	1351	12302.318
831	1382	8272.551719
831	7053	34156.29738
831	7054	30914.97145
869	141	59101.98976
869	143	48837.60939
869	458	8300.562314
869	465	48615.89939
869	467	42504.23582
869	728	13491.52865
869	739	32099.64544
869	819	3030.503929
869	820	33013.53788
869	821	34331.987
869	831	63893.80017
869	892	62937.53474
869	1059	62048.38087
869	1144	21370.452
869	1145	42302.62907
869	1198	46555.3368
869	1288	60323.64145
869	1293	65023.10713
869	1335	18586.73883
869	1336	16527.48665
869	1350	65559.52768
869	1351	53280.17684
869	1382	59904.64302
869	1586	66060.62147
869	1618	61161.16594
869	1825	64880.63362
869	1839	64920.37866
869	7273	63938.2238
871	78	37612.79682
871	100	51486.16858
871	211	4497.458367
871	304	21128.26634
871	306	6310.748603
871	380	29814.56731
871	790	48558.55771
871	1136	64818.26361
871	1300	58966.82067
871	1401	7639.672562
871	1581	47311.9676
884	1580	3171.05361
884	1691	36494.32749
884	1702	34399.52222
884	1895	43185.70789
884	7713	29825.87601
884	7714	26114.77209
892	458	66003.18365
892	465	66058.47468
892	467	67193.24075
892	819	62204.68984
892	820	62119.30483
892	831	6399.458973
892	869	62937.53474
892	1198	20879.78772
892	1288	3594.375403
892	1293	3696.850273
892	1335	44769.92071
892	1336	47108.58942
892	1350	17131.1691
892	1351	15068.5206
892	1382	14392.59416
892	7053	33213.88
892	7054	29972.55407
1059	141	22758.31187
1059	143	34641.50255
1059	458	55150.79112
1059	465	39163.18263
1059	467	36062.40386
1059	728	49256.23497
1059	739	42430.50926
1059	819	59367.14761
1059	820	52102.25222
1059	821	28700.24164
1059	869	62048.38087
1059	1136	61268.24843
1059	1144	42153.27981
1059	1145	32718.18235
1059	1300	66628.18819
1059	1335	67165.75205
1059	1336	69504.42076
1059	1586	8260.807197
1059	1618	7713.292906
1059	1825	15870.37067
1059	1839	15700.55331
1059	7273	14586.65338
1078	1079	1567.328294
1078	1700	50600.24392
1078	1705	42725.94582
1078	1738	40634.07543
1078	1762	42656.93058
1078	1789	39346.16115
1078	1849	49623.95376
1078	1862	2480.891143
1078	1863	1117.676214
1079	1078	1567.328294
1079	1700	51888.15567
1079	1705	44013.85758
1079	1738	41921.98719
1079	1762	43944.84234
1079	1789	40634.07291
1079	1849	50911.86552
1079	1862	3489.386368
1079	1863	2405.587973
1136	78	44416.56935
1136	100	17472.41568
1136	141	64640.48053
1136	143	68202.53457
1136	211	60670.07591
1136	306	59066.34808
1136	380	49472.02189
1136	465	69814.22057
1136	790	19488.55716
1136	871	64818.26361
1136	1059	61268.24843
1136	1300	5991.992619
1136	1401	57319.14073
1136	1581	17855.56668
1136	1586	54404.52391
1136	1618	60761.72619
1136	1825	54386.49901
1136	1839	53447.44477
1136	7273	52333.54484
1144	141	38844.18565
1144	143	28579.80527
1144	458	14472.86225
1144	465	28358.09527
1144	467	22246.43171
1144	728	8578.306097
1144	739	11841.84132
1144	819	18689.21874
1144	820	14562.74111
1144	821	14436.88594
1144	869	21370.452
1144	1059	42153.27981
1144	1145	22044.82495
1144	1198	59809.60694
1144	1335	34722.27742
1144	1336	32663.02524
1144	1351	66534.44698
1144	1586	45802.81736
1144	1618	41266.06488
1144	1825	44622.8295
1144	1839	44662.57455
1144	7273	43680.41969
1145	141	17498.74345
1145	143	6954.946539
1145	458	35405.03932
1145	465	9241.294345
1145	467	3484.771189
1145	728	29510.48316
1145	739	10411.70965
1145	819	39621.3958
1145	820	19943.74435
1145	821	34524.53302
1145	869	42302.62907
1145	1059	32718.18235
1145	1144	22044.82495
1145	1198	54295.814
1145	1288	67572.19477
1145	1335	35007.24418
1145	1336	37345.91289
1145	1351	61020.65404
1145	1382	67645.12022
1145	1586	24457.37516
1145	1618	31443.26464
1145	1825	23277.3873
1145	1839	23317.13235
1145	7273	22334.97748
1148	227	5759.458027
1148	234	20971.44555
1148	314	8054.182185
1148	520	31720.27324
1148	526	29418.83792
1148	527	24296.4636
1148	540	35614.09746
1148	543	27539.05165
1148	1291	35502.48586
1148	1472	32076.67073
1148	1507	14901.62804
1148	1537	38577.77072
1148	6668	36355.3313
1198	143	56022.15773
1198	458	49620.9857
1198	465	49746.13087
1198	467	50811.04281
1198	728	54811.95204
1198	739	55390.81991
1198	819	45822.4919
1198	820	45737.10688
1198	831	18113.58511
1198	869	46555.3368
1198	892	20879.78772
1198	1144	59809.60694
1198	1145	54295.814
1198	1288	19179.46735
1198	1293	23878.93303
1198	1335	28387.72277
1198	1336	30726.39148
1198	1350	19004.19088
1198	1351	6724.840038
1198	1382	13349.30622
1198	7053	50936.34335
1198	7054	47695.01742
1237	144	3425.815128
1237	1238	3522.427811
1237	1338	6619.427778
1238	144	4427.183527
1238	1237	3522.427811
1238	1338	3588.923848
1288	143	68810.82168
1288	458	63389.29035
1288	465	62952.65751
1288	467	64087.42358
1288	728	68580.25669
1288	739	68667.20068
1288	819	59590.79655
1288	820	59013.48765
1288	831	8741.478224
1288	869	60323.64145
1288	892	3594.375403
1288	1145	67572.19477
1288	1198	19179.46735
1288	1293	5050.839882
1288	1335	42156.02742
1288	1336	44494.69613
1288	1350	19126.42681
1288	1351	15393.97011
1288	1382	15276.87674
1288	7053	34989.51865
1288	7054	31748.19272
1291	227	29743.02783
1291	234	44620.40897
1291	314	31284.0208
1291	520	4617.953098
1291	526	6223.356203
1291	527	11206.02226
1291	540	11735.58513
1291	543	8663.242702
1291	1148	35502.48586
1291	1472	3425.815128
1291	1507	38550.59146
1291	1537	3075.284858
1291	6668	12476.81898
1293	458	68088.75603
1293	465	67862.94771
1293	467	68997.71378
1293	819	64290.26223
1293	820	63923.77785
1293	831	9258.059642
1293	869	65023.10713
1293	892	3696.850273
1293	1198	23878.93303
1293	1288	5050.839882
1293	1335	46855.4931
1293	1336	49194.16181
1293	1350	19989.76977
1293	1351	18556.64485
1293	1382	17530.61136
1293	7053	29938.67877
1293	7054	26697.35284
1300	78	38565.12641
1300	100	11620.97274
1300	211	54818.63297
1300	304	69844.89437
1300	306	53214.90514
1300	380	43620.57895
1300	790	13637.11422
1300	871	58966.82067
1300	1059	66628.18819
1300	1136	5991.992619
1300	1401	51467.69779
1300	1581	12004.12374
1300	1586	59764.46367
1300	1618	66121.66595
1300	1825	59746.43877
1300	1839	58807.38453
1300	7273	57693.4846
1335	141	51946.31314
1335	143	40921.06468
1335	458	21652.38774
1335	465	35626.76695
1335	467	32570.28499
1335	728	26843.35407
1335	739	34984.58395
1335	819	17853.89393
1335	820	25330.87092
1335	821	47683.81242
1335	831	45726.18614
1335	869	18586.73883
1335	892	44769.92071
1335	1059	67165.75205
1335	1144	34722.27742
1335	1145	35007.24418
1335	1198	28387.72277
1335	1288	42156.02742
1335	1293	46855.4931
1335	1336	2338.668711
1335	1350	47391.91365
1335	1351	35112.56281
1335	1382	41737.02899
1335	1586	58904.94485
1335	1618	65890.83434
1335	1825	57724.957
1335	1839	57764.70204
1335	7273	56782.54718
1336	141	54284.98185
1336	143	43259.73339
1336	458	19593.13556
1336	465	37965.43566
1336	467	34908.9537
1336	728	24784.1019
1336	739	37323.25266
1336	819	15794.64175
1336	820	27669.53963
1336	821	45624.56024
1336	831	48064.85485
1336	869	16527.48665
1336	892	47108.58942
1336	1059	69504.42076
1336	1144	32663.02524
1336	1145	37345.91289
1336	1198	30726.39148
1336	1288	44494.69613
1336	1293	49194.16181
1336	1335	2338.668711
1336	1350	49730.58236
1336	1351	37451.23152
1336	1382	44075.6977
1336	1586	61243.61356
1336	1618	68229.50305
1336	1825	60063.62571
1336	1839	60103.37075
1336	7273	59121.21589
1338	144	7875.557695
1338	1237	6619.427778
1338	1238	3588.923848
1350	458	68625.17658
1350	465	68680.46762
1350	467	69815.23369
1350	819	64826.68278
1350	820	64741.29776
1350	831	10731.71012
1350	869	65559.52768
1350	892	17131.1691
1350	1198	19004.19088
1350	1288	19126.42681
1350	1293	19989.76977
1350	1335	47391.91365
1350	1336	49730.58236
1350	1351	12279.35084
1350	1382	5654.884662
1350	7053	37466.64107
1350	7054	34225.31513
1351	143	62259.28095
1351	458	56345.82574
1351	465	56401.11678
1351	467	57535.88285
1351	728	61536.79208
1351	739	62115.65995
1351	819	52547.33194
1351	820	52461.94692
1351	831	12302.318
1351	869	53280.17684
1351	892	15068.5206
1351	1144	66534.44698
1351	1145	61020.65404
1351	1198	6724.840038
1351	1288	15393.97011
1351	1293	18556.64485
1351	1335	35112.56281
1351	1336	37451.23152
1351	1350	12279.35084
1351	1382	6624.466182
1351	7053	44281.77815
1351	7054	41040.45222
1382	143	68883.74713
1382	458	62970.29192
1382	465	63025.58296
1382	467	64160.34903
1382	728	68161.25826
1382	739	68740.12613
1382	819	59171.79812
1382	820	59086.4131
1382	831	8272.551719
1382	869	59904.64302
1382	892	14392.59416
1382	1145	67645.12022
1382	1198	13349.30622
1382	1288	15276.87674
1382	1293	17530.61136
1382	1335	41737.02899
1382	1336	44075.6977
1382	1350	5654.884662
1382	1351	6624.466182
1382	7053	38430.33521
1382	7054	35189.00928
1401	78	30113.67394
1401	100	43987.0457
1401	211	3840.755532
1401	304	27225.67374
1401	306	2237.027698
1401	380	22315.44443
1401	790	41059.43483
1401	871	7639.672562
1401	1136	57319.14073
1401	1300	51467.69779
1401	1581	39812.84472
1472	227	26317.2127
1472	234	41194.59384
1472	314	27858.20567
1472	520	2164.241211
1472	526	2797.541075
1472	527	7780.207131
1472	540	9281.873245
1472	543	5237.427574
1472	1148	32076.67073
1472	1291	3425.815128
1472	1507	35124.77633
1472	1537	6501.099986
1472	6668	10023.10709
1507	227	10474.02633
1507	234	6069.81751
1507	314	7266.57066
1507	520	34768.37884
1507	526	32466.94352
1507	527	27344.5692
1507	540	38662.20306
1507	543	30587.15725
1507	1148	14901.62804
1507	1291	38550.59146
1507	1472	35124.77633
1507	1537	41625.87632
1507	6668	39403.4369
1537	227	32818.31269
1537	234	47695.69383
1537	314	34359.30566
1537	520	7276.622282
1537	526	9298.641061
1537	527	14281.30712
1537	540	14394.25432
1537	543	11738.52756
1537	1148	38577.77072
1537	1291	3075.284858
1537	1472	6501.099986
1537	1507	41625.87632
1537	6668	15135.48816
1580	884	3171.05361
1580	1691	33323.27388
1580	1702	31228.46861
1580	1895	40014.65428
1580	7713	26654.8224
1580	7714	22943.71848
1581	78	33045.75303
1581	100	5190.129962
1581	211	43163.7799
1581	304	64325.52098
1581	306	41560.05206
1581	380	38101.20557
1581	790	7906.916312
1581	871	47311.9676
1581	1136	17855.56668
1581	1300	12004.12374
1581	1401	39812.84472
1581	1586	64726.26611
1581	1825	64708.24121
1581	1839	63769.18697
1581	7273	62655.28704
1586	100	69916.39607
1586	141	14497.50467
1586	143	26380.69535
1586	458	59163.03172
1586	465	30902.37544
1586	467	27801.59667
1586	728	53268.47557
1586	739	34169.70206
1586	819	63379.38821
1586	820	43841.44502
1586	821	34382.30052
1586	869	66060.62147
1586	1059	8260.807197
1586	1136	54404.52391
1586	1144	45802.81736
1586	1145	24457.37516
1586	1300	59764.46367
1586	1335	58904.94485
1586	1336	61243.61356
1586	1581	64726.26611
1586	1618	6985.889486
1586	1825	7888.980007
1586	1839	7928.72505
1586	7273	6807.698295
1618	141	21483.39416
1618	143	33366.58484
1618	458	54263.57619
1618	465	37888.26492
1618	467	34787.48615
1618	728	48369.02004
1618	739	41155.59154
1618	819	58479.93268
1618	820	50827.33451
1618	821	27813.0267
1618	869	61161.16594
1618	1059	7713.292906
1618	1136	60761.72619
1618	1144	41266.06488
1618	1145	31443.26464
1618	1300	66121.66595
1618	1335	65890.83434
1618	1336	68229.50305
1618	1586	6985.889486
1618	1825	14595.45296
1618	1839	14635.198
1618	7273	13514.17125
1691	884	36494.32749
1691	1580	33323.27388
1691	1702	2094.805266
1691	1895	6691.380407
1691	7713	32849.32408
1691	7714	29138.22016
1697	221	26025.63346
1697	303	41817.41382
1697	332	33331.11027
1697	412	39948.03899
1697	746	31514.04878
1697	1698	4533.85287
1698	221	29717.45036
1698	303	46141.70429
1698	332	37022.92717
1698	412	43639.8559
1698	746	35205.86569
1698	1697	4533.85287
1700	1078	50600.24392
1700	1079	51888.15567
1700	1705	7874.298094
1700	1738	9966.168488
1700	1762	8013.588173
1700	1789	11743.0617
1700	1849	976.2901573
1700	1862	48678.18584
1700	1863	49482.5677
1702	884	34399.52222
1702	1580	31228.46861
1702	1691	2094.805266
1702	1895	8786.185672
1702	7713	30754.51881
1702	7714	27043.41489
1705	1078	42725.94582
1705	1079	44013.85758
1705	1700	7874.298094
1705	1738	2091.870394
1705	1762	1397.095267
1705	1789	3868.763608
1705	1849	6898.007936
1705	1862	40803.88775
1705	1863	41608.26961
1738	1078	40634.07543
1738	1079	41921.98719
1738	1700	9966.168488
1738	1705	2091.870394
1738	1762	2022.855155
1738	1789	1776.893214
1738	1849	8989.878331
1738	1862	38712.01735
1738	1863	39516.39921
1762	1078	42656.93058
1762	1079	43944.84234
1762	1700	8013.588173
1762	1705	1397.095267
1762	1738	2022.855155
1762	1789	3799.748369
1762	1849	7318.397377
1762	1862	40734.87251
1762	1863	41539.25437
1789	1078	39346.16115
1789	1079	40634.07291
1789	1700	11743.0617
1789	1705	3868.763608
1789	1738	1776.893214
1789	1762	3799.748369
1789	1849	10766.77154
1789	1862	37424.10308
1789	1863	38228.48494
1825	100	69898.37117
1825	141	14160.8149
1825	143	21366.6732
1825	458	57983.04387
1825	465	28061.82485
1825	467	26621.60881
1825	728	52088.48772
1825	739	32989.71421
1825	819	62199.40036
1825	820	42661.45717
1825	821	41991.86399
1825	869	64880.63362
1825	1059	15870.37067
1825	1136	54386.49901
1825	1144	44622.8295
1825	1145	23277.3873
1825	1300	59746.43877
1825	1335	57724.957
1825	1336	60063.62571
1825	1581	64708.24121
1825	1586	7888.980007
1825	1618	14595.45296
1825	1839	1360.282577
1825	7273	2404.328372
1839	100	68959.31693
1839	141	14200.55995
1839	143	22235.03189
1839	458	58022.78891
1839	465	28930.18354
1839	467	26661.35386
1839	728	52128.23276
1839	739	33029.45925
1839	819	62239.1454
1839	820	42701.20221
1839	821	42031.60903
1839	869	64920.37866
1839	1059	15700.55331
1839	1136	53447.44477
1839	1144	44662.57455
1839	1145	23317.13235
1839	1300	58807.38453
1839	1335	57764.70204
1839	1336	60103.37075
1839	1581	63769.18697
1839	1586	7928.72505
1839	1618	14635.198
1839	1825	1360.282577
1839	7273	1815.386212
1849	1078	49623.95376
1849	1079	50911.86552
1849	1700	976.2901573
1849	1705	6898.007936
1849	1738	8989.878331
1849	1762	7318.397377
1849	1789	10766.77154
1849	1862	47701.89568
1849	1863	48506.27754
1862	1078	2480.891143
1862	1079	3489.386368
1862	1700	48678.18584
1862	1705	40803.88775
1862	1738	38712.01735
1862	1762	40734.87251
1862	1789	37424.10308
1862	1849	47701.89568
1862	1863	1363.214929
1863	1078	1117.676214
1863	1079	2405.587973
1863	1700	49482.5677
1863	1705	41608.26961
1863	1738	39516.39921
1863	1762	41539.25437
1863	1789	38228.48494
1863	1849	48506.27754
1863	1862	1363.214929
1895	884	43185.70789
1895	1580	40014.65428
1895	1691	6691.380407
1895	1702	8786.185672
1895	7713	39540.70449
1895	7714	35829.60056
6668	227	30595.87327
6668	234	45473.25441
6668	314	32136.86624
6668	520	7858.865879
6668	526	7990.615982
6668	527	12339.96706
6668	540	2900.857358
6668	543	10359.38623
6668	1148	36355.3313
6668	1291	12476.81898
6668	1472	10023.10709
6668	1507	39403.4369
6668	1537	15135.48816
7053	831	34156.29738
7053	892	33213.88
7053	1198	50936.34335
7053	1288	34989.51865
7053	1293	29938.67877
7053	1350	37466.64107
7053	1351	44281.77815
7053	1382	38430.33521
7053	7054	3241.325931
7054	831	30914.97145
7054	892	29972.55407
7054	1198	47695.01742
7054	1288	31748.19272
7054	1293	26697.35284
7054	1350	34225.31513
7054	1351	41040.45222
7054	1382	35189.00928
7054	7053	3241.325931
7273	100	67845.417
7273	141	13218.40508
7273	143	23771.00157
7273	458	57040.63405
7273	465	28779.97776
7273	467	25679.19899
7273	728	51146.0779
7273	739	32047.30439
7273	819	61256.99054
7273	820	41719.04735
7273	821	40910.58228
7273	869	63938.2238
7273	1059	14586.65338
7273	1136	52333.54484
7273	1144	43680.41969
7273	1145	22334.97748
7273	1300	57693.4846
7273	1335	56782.54718
7273	1336	59121.21589
7273	1581	62655.28704
7273	1586	6807.698295
7273	1618	13514.17125
7273	1825	2404.328372
7273	1839	1815.386212
7713	884	29825.87601
7713	1580	26654.8224
7713	1691	32849.32408
7713	1702	30754.51881
7713	1895	39540.70449
7713	7714	5246.227151
7714	884	26114.77209
7714	1580	22943.71848
7714	1691	29138.22016
7714	1702	27043.41489
7714	1895	35829.60056
7714	7713	5246.227151
